1.0099031
0.98559523
1.0054693
1.0119917
1.0060183
1.0055704
0.99334005
1.0045857
1.0091034
1.0052989
1.0049885
1.0054502
1.0056073
1.0875841
0.11840157
1.0006579
1.3399792
1.0174213
0.99954423
-1.0000815
1.0657432
1.7610762
1.0040352
0.99333444
1.0052811
1.0103551
1.0048211
1.0058514
1.0057312
1.0056672
1.0019989
1.0072511
0.99508609
1.0048384
1.0069688
1.0047088
1.0042055
1.0057558
1.0060413
1.0063043
1.0079453
1.00199
1.0061868
1.00173
1.0045896
1.0054267
1.013715
1.0291858
0.94814755
0.98111811
1.0077063
1.0048048
0.9994823
1.020669
0.98462632
1.0067872
1.0048616
1.0086113
1.0060659
1.0040491
1.0038195
0.99937543
1.0048411
1.0075907
1.0068281
1.0086613
1.0000569
1.0065177
1.0134437
0.99986689
1.0038441
0.99991169
1.0016402
0.99978521
1.0012366
1.0081914
1.009877
1.0070249
1.0048459
1.0009707
0.98812404
1.0037913
1.0050675
1.0062363
1.0080267
1.0052228
1.0060317
0.99877476
0.99626464
1.0023342
1.0007539
1.0100454
1.0082292
1.0045397
1.0038514
1.0050781
1.0081208
1.0099971
1.0035384
1.0028283
1.0001047
1.0042832
1.0057516
1.0058534
1.0051722
1.0050454
1.0081788
1.0056745
1.0006994
1.0022909
1.0067543
1.0056747
1.0054967
1.0056488
1.0057087
1.0056523
1.0073509
1.0200538
1.0723741
0.78739275
1.0003055
0.51168381
0.27842586
0.92238479
1.0003248
1.0086804
1.003541
1.0076377
1.0039992
1.0025465
1.0127407
1.0222077
0.95111491
0.9820121
1.0062503
1.003913
1.0034243
1.0191564
0.85765258
0.99239006
1.0510674
1.0095349
1.0081073
0.99876134
0.9899028
1.0102779
0.9934637
0.99321033
0.99985629
1.0106314
1.0106984
1.0003716
0.99954286
1.0079176
1.0056668
1.005212
1.0106302
0.96481169
1.0067346
1.0044708
0.98715904
1.0124875
1.0120925
1.0033464
1.0046839
1.0062213
1.0055654
1.006304
1.005604
1.0033781
1.0034777
0.99341585
1.0049633
1.0105024
1.0055319
1.0030271
0.98748246
1.0009055
1.0160915
0.96198788
1.009165
0.98746295
1.0021119
1.0064217
0.99600011
0.99760424
1.0109949
0.99729404
0.99880691
1.0171913
0.99831135
0.9818713
0.99967019
1.0156537
0.98355315
1.0008847
0.9987964
1.0035706
1.0123167
0.99879314
1.007692
0.98797222
1.0055089
1.0135946
1.0056883
1.0007627
1.0056346
1.0079133
1.0031257
1.0174257
0.9868747
0.9979084
1.0026438
0.99018524
1.0002832
1.6601395
-0.99942715
-0.99941319
1.0578981
1.0057947
1.0052789
1.0050951
1.0060909
1.0044616
1.0049193
1.0061604
1.0046478
1.0054818
1.0035292
0.99990362
1.0059499
1.0083544
0.99508971
0.9905716
1.0032341
1.0063635
1.0082762
1.0006214
1.0064355
0.99975384
1.006108
1.0052816
1.0054735
1.0069604
0.99654486
0.98029217
1.0093308
1.0129329
0.99992379
1.0071835
1.0065213
1.0051726
1.0056356
1.0056306
1.0079189
1.010978
0.98296415
0.99753457
1.005678
1.0068465
0.99478768
0.9876671
1.0104804
1.0046943
1.0059788
0.99690346
1.0015859
1.0049231
1.0079233
1.001465
1.0053045
1.0072321
1.0046597
1.0018229
1.0060712
1.0011323
1.0075258
0.98770936
1.0055408
1.0122577
1.0064453
0.9940034
1.0034489
1.0036818
1.0078958
0.99505879
1.0048477
1.0100127
1.0059716
1.0019407
1.0049934
0.99464656
1.0046616
1.0002221
1.0072737
0.99723358
1.0058677
1.0099605
1.0045312
1.0054986
1.0060292
1.0055663
1.0133411
0.97504575
1.0076441
1.0125094
1.0013919
1.0015262
1.0053823
1.0055257
1.0073253
0.9951023
1.0044048
0.99501791
0.99853533
1.0106025
1.0080325
1.0057409
0.99872202
1.004444
1.0063862
1.0047722
1.0058407
1.0057226
1.0051343
1.0065424
1.0003659
1.0059539
0.97304513
0.99844187
1.0158331
0.9968384
1.0053142
0.99444639
1.005434
1.0111788
1.0047242
1.0057709
1.0087774
0.97588565
1.0045001
1.0153572
1.0058647
1.0054381
1.005543
0.99940636
0.99466018
1.0022606
1.0108077
1.000224
0.99080835
1.0095497
1.0047479
0.99639855
1.009645
1.0029605
0.99731354
1.007856
0.99999998
1.0049616
0.99999998
0.99177947
1.0089112
1.0035591
1.0019515
0.99007231
1.0058865
1.0113834
0.99955586
0.99890957
1.0005466
1.0022432
1.0076859
1.0079026
1.0012029
0.92766725
1.007836
1.0350071
1.0061887
1.0061668
1.0002028
1.0001614
1.0028461
1.0018717
1.0093571
0.9905998
0.99901484
1.0128502
1.0041273
1.0007662
1.006783
1.0075046
1.0057126
0.99895291
1.0059548
1.0066099
1.005769
1.0054114
1.0055846
1.0054199
1.005839
1.0040013
1.0056315
1.006327
1.0058094
1.0037664
1.004965
1.0057499
1.0002232
0.99759186
1.0061261
1.0088156
1.0054517
1.0031036
1.0055426
1.0067129
1.0064159
1.0020284
1.0057319
1.0067701
1.0056678
1.0054693
1.0056544
1.0058766
1.0043026
1.0036671
